-1.249047285232649925e-18
-1.056235801065256216e-03
-7.693410201630708576e-04
9.563232237226456864e-04
1.976082742122228786e-03
-2.620691412266527583e-18
-3.265384800344554601e-03
-2.568519852901309485e-03
3.234633130889653929e-03
6.519908075212929241e-03
-6.211702357310396670e-18
-9.825739114867467969e-03
-7.365685405410099876e-03
8.881348924986442323e-03
1.725605698944218322e-02
-1.065043599333037760e-17
-2.478427169873351904e-02
-1.841766676813055489e-02
2.229953428827786271e-02
4.422244388091033790e-02
-1.424144693837424669e-17
-7.146980922686042847e-02
-6.043032881609013834e-02
9.231762695320899770e-02
3.020273152664423866e-01
4.005234180587013970e-01
3.020273152664423866e-01
9.231762695320899770e-02
-6.043032881609013834e-02
-7.146980922686042847e-02
-1.424144693837424669e-17
4.422244388091033790e-02
2.229953428827786271e-02
-1.841766676813055489e-02
-2.478427169873351904e-02
-1.065043599333037760e-17
1.725605698944218322e-02
8.881348924986442323e-03
-7.365685405410099876e-03
-9.825739114867467969e-03
-6.211702357310396670e-18
6.519908075212929241e-03
3.234633130889653929e-03
-2.568519852901309485e-03
-3.265384800344554601e-03
-2.620691412266527583e-18
1.976082742122228786e-03
9.563232237226456864e-04
-7.693410201630708576e-04
-1.056235801065256216e-03
-1.249047285232649925e-18
